4
2
3
4
5
0.00716664 -0.00667247 0.0439052
-0.0125968 -0.0406555 -0.0404755
0.0277612 0.00879126 0.0398783
-0.0155292 0.00309945 0.00767228 -0.0496518
0.00396004 -0.0320551 -0.0183151 -0.0316687
-0.0439555 0.0320685 0.0141024 0.0038478
0.0277097 -0.0280066 0.0216364 0.020596
0.000495211 -0.0145511 -0.0457474 -0.0311983 0.0374469
-0.0481875 -0.0181144 -0.043468 -0.000461068 0.00194574
-0.00100976 0.0128665 0.0455503 0.0137651 -0.0385362
0.0328417 -0.0279032 0.042924 -0.00581936 -0.00140531
0.0330288 -0.0473206 -0.046094 0.023686 -0.0398705
